4.787146540389427
5.469915763110635
5.205713456767174
5.1574360584609895
5.68454777922336
5.810579052455838
5.392517665667284
5.388300627689997
5.064210691693632
5.539531624429869
5.430224249107674
5.408567113686608
5.228209004896232
5.375717510097871
5.305813597875119
5.193740974833147
5.733808019886592
5.312087537308363
5.454068229961002
5.558096333223101
5.588582828010999
5.434626993133662
5.557384650410986
5.345708310516912
5.341055449775677
5.1299572038533485
5.589564017062789
5.6609112017181165
5.39973775219986
5.59164263604114
5.329584009315633
5.391688167841509
5.378076938856765
5.640295939814101
5.663194634913229
5.411362290485306
5.6562244202294805
5.418857838592119
5.154809004213576
5.365525504184699
5.3799664335739354
5.391086907044251
5.585468426041783
5.1837414104681985
5.375515633075876
5.145383974238927
5.273017422684999
5.912380151006643
5.312725937043584
5.529221531092942
5.667477455635905
5.474056079221321
5.329032180772335
5.577761911222483
5.500137339798275
5.596821879666692
5.348491879592697
5.179928752760545
5.597660605023323
5.392308232647328
5.287359425125282
5.4355837782385565
5.521337872696909
5.299114003910484
5.6802567475444254
5.402368562315364
5.237695885174686
5.078136337489204
5.456577365169672
5.3895474806766845
5.714107908872221
5.553547378476324
5.301610570020974
5.289999748751912
5.544111454534337
5.608587233500117
5.51206900126688
5.528092242717268
5.610220770134545
5.37238149620865
5.554524159055832
5.3452419386904255
5.193804377911042
5.663337594413529
5.2952229173254315
5.7875569539286955
5.364349295360494
5.882550792635487
5.312072372280086
5.643966495596285
5.358497131910503
5.593261196013693
5.56065034178856
5.258359696279484
5.205729377264688
5.527762716364025
5.4252180155014935
5.730363843554475
5.258977864073676
5.443852088788185
5.309944513822245
5.670611739277029
5.6790125903128965
5.202795686500365
5.223910175918328
5.490485151044111
5.398306963189722
5.098277023470021
5.3940674367173
5.135925622132776
6.231653450134046
5.424137273780471
5.559941994788598
5.172754691034288
5.654416767694223
5.264462916060786
5.31142270573287
5.766555768570263
5.538355930487889
5.640086030563737
5.7335310420216095
5.407632816071916
5.449200349361784
5.6947358381742355
5.580597780414495
5.543410919187617
5.471948927609136
5.4630377170396915
5.379142538906811
5.387281210074738
5.567842371233021
5.312354577871559
5.537543300579702
5.31149955264472
5.622137872156462
5.626841030767226
5.293173505664705
5.676574130842322
5.701462510882403
5.471516447890894
5.7313128053018465
5.9139157344130835
5.209543022935236
5.405667363116326
5.422603392553579
5.509878793551199
5.639696181909235
5.3821299315669275
5.668685181435314
5.599794264663614
5.313704430886298
5.172436807748185
5.3808468815486235
5.743695794769686
5.366671112128534
5.4726168624554825
5.25915861351738
5.672455079638805
5.504950391401395
5.582034802115868
5.60789503189255
5.437130348751931
5.355463137070579
5.377458547043337
5.575968636677781
5.5829868838131755
5.221269427283065
5.205384269109197
5.288456576357462
4.943977495186378
5.547861891148509
5.28669555053898
5.246015161111178
5.387302006718351
5.313757823271964
5.100464270333704
5.609350985954225
5.656458952453193
5.603130163341609
5.62744940139502
5.719827558802126
5.705431506927154
5.460761033738885
5.324611474093163
5.765810207051268
5.466778540686125
5.444578523010407
5.839786985216137
5.250390454311843
5.665178005330325
5.424617805405999
5.52449378319782
5.511981690784392
5.699895553325363
5.736556231406671
5.534191349593915
5.495364928408573
5.601512846605969
5.581287916267768
5.440476624884498
5.6835712345746705
5.572216622916187
5.041437235329296
5.521908194792298
5.6068086003611315
5.1187136533247255
5.439572336263377
5.377575201434545
5.363757185929813
5.47275740354695
5.602676447224596
5.549828723358657
5.540574429806307
5.590490506393362
5.1398046312809775
5.3482685124584375
5.354169343984346
5.230574953595982
5.550820114462291
5.370007694995065
5.542311221184101
5.583341968297157
5.439067926449071
5.539878780241644
5.424951041560051
5.396794117822268
5.245495832475002
5.0787755623580795
5.577664248457184
4.954218398525575
5.528664240274744
5.660185618756438
5.304845607537698
5.749043987572212
5.357213059489292
5.760914033186867
5.556478388207817
5.568727493261572
5.1763122834978
5.592680539441668
5.293354528047503
5.323143299394093
5.641460485365025
5.539652300126022
5.419773231130941
5.70088291976632
6.046146458970407
5.542153751571948
5.278445239346815
5.388070225129028
5.672108198427683
5.755536278745607
5.878406345298767
5.0654114934723315
5.624109187164961
5.416413251612704
